[gd_scene load_steps=8 format=2]

[ext_resource path="res://Background.tscn" type="PackedScene" id=1]
[ext_resource path="res://Final_Test/Player.tscn" type="PackedScene" id=5]
[ext_resource path="res://Pickup_Health.tscn" type="PackedScene" id=6]
[ext_resource path="res://Pickup_Ammo.tscn" type="PackedScene" id=7]
[ext_resource path="res://Enemy.tscn" type="PackedScene" id=8]
[ext_resource path="res://UI.tscn" type="PackedScene" id=9]
[ext_resource path="res://Models/props/red sign.obj" type="ArrayMesh" id=34]

[node name="Mainscene" type="Spatial"]
script = ExtResource( 34 )

[node name="CanvasLayer" type="CanvasLayer" parent="."]

[node name="UI" parent="CanvasLayer" instance=ExtResource( 9 )]

[node name="Player" parent="." instance=ExtResource( 5 )]
transform = Transform( 0.5, 0, 0, 0, 0.5, 0, 0, 0, 0.5, 0, 0, -11.5147 )

[node name="Background" parent="." instance=ExtResource( 1 )]

[node name="Enemies" type="Node" parent="."]

[node name="Enemy" parent="Enemies" instance=ExtResource( 8 )]
transform = Transform( -0.0156724, 0, 0.999877, 0, 1, 0, -0.999877, 0, -0.0156724, -1.67627, 0.160705, 31.6127 )

[node name="Enemy2" parent="Enemies" instance=ExtResource( 8 )]
transform = Transform( -0.306227, 0, 0.951958, 0, 1, 0, -0.951958, 0, -0.306227, -8.003, 0.478825, 32.2367 )

[node name="Enemy3" parent="Enemies" instance=ExtResource( 8 )]
transform = Transform( -0.306227, 0, 0.951958, 0, 1, 0, -0.951958, 0, -0.306227, -10.8591, 0.323275, 23.8062 )

[node name="Enemy4" parent="Enemies" instance=ExtResource( 8 )]
transform = Transform( -0.92274, 0, -0.385423, 0, 1, 0, 0.385423, 0, -0.92274, 2.0576, 0.722715, 24.2561 )

[node name="Enemy20" parent="Enemies" instance=ExtResource( 8 )]
transform = Transform( 0.869184, 0, 0.494488, 0, 1, 0, -0.494488, 0, 0.869184, -19.359, -0.591785, 10.1566 )

[node name="Enemy19" parent="Enemies" instance=ExtResource( 8 )]
transform = Transform( 0.687467, 0, 0.726215, 0, 1, 0, -0.726215, 0, 0.687467, -22.9481, 0.00644541, 4.90914 )

[node name="Enemy18" parent="Enemies" instance=ExtResource( 8 )]
transform = Transform( 0.687467, 0, 0.726215, 0, 1, 0, -0.726215, 0, 0.687467, -16.9292, -0.260865, -1.64859 )

[node name="Enemy17" parent="Enemies" instance=ExtResource( 8 )]
transform = Transform( -0.781608, 0, 0.62377, 0, 1, 0, -0.62377, 0, -0.781608, -11.1133, 0.00776529, 9.89344 )

[node name="Enemy8" parent="Enemies" instance=ExtResource( 8 )]
transform = Transform( 0.996549, 0, -0.0829996, 0, 1, 0, 0.0829996, 0, 0.996549, -33.0602, 0.210835, -3.09377 )

[node name="Enemy7" parent="Enemies" instance=ExtResource( 8 )]
transform = Transform( 0.977515, 0, 0.210864, 0, 1, 0, -0.210864, 0, 0.977515, -33.0573, 0.320835, -9.4512 )

[node name="Enemy6" parent="Enemies" instance=ExtResource( 8 )]
transform = Transform( 0.977515, 0, 0.210864, 0, 1, 0, -0.210864, 0, 0.977515, -24.3863, 0.508705, -11.462 )

[node name="Enemy5" parent="Enemies" instance=ExtResource( 8 )]
transform = Transform( -0.292555, 0, 0.956249, 0, 1, 0, -0.956249, 0, -0.292555, -26.1077, 0.464415, 1.34732 )

[node name="Enemy12" parent="Enemies" instance=ExtResource( 8 )]
transform = Transform( 0.27406, 0, -0.961712, 0, 1, 0, 0.961712, 0, 0.27406, -4.984, 0.385335, -32.9659 )

[node name="Enemy11" parent="Enemies" instance=ExtResource( 8 )]
transform = Transform( 0.542295, 0, -0.840188, 0, 1, 0, 0.840188, 0, 0.542295, 0.965336, 1.13644, -35.207 )

[node name="Enemy10" parent="Enemies" instance=ExtResource( 8 )]
transform = Transform( 0.542295, 0, -0.840188, 0, 1, 0, 0.840188, 0, 0.542295, 5.90708, 0.596515, -27.8037 )

[node name="Enemy9" parent="Enemies" instance=ExtResource( 8 )]
transform = Transform( 0.791458, 0, 0.611223, 0, 1, 0, -0.611223, 0, 0.791458, -6.68548, 0.703355, -24.8934 )

[node name="Enemy16" parent="Enemies" instance=ExtResource( 8 )]
transform = Transform( -0.940044, 0, -0.341052, 0, 1, 0, 0.341052, 0, -0.940044, 29.4077, 0.991085, -9.98277 )

[node name="Enemy15" parent="Enemies" instance=ExtResource( 8 )]
transform = Transform( -0.799946, 0, -0.600071, 0, 1, 0, 0.600071, 0, -0.799946, 32.0618, 0.589155, -4.20587 )

[node name="Enemy14" parent="Enemies" instance=ExtResource( 8 )]
transform = Transform( -0.799946, 0, -0.600071, 0, 1, 0, 0.600071, 0, -0.799946, 25.0245, 1.47374, 1.24457 )

[node name="Enemy13" parent="Enemies" instance=ExtResource( 8 )]
transform = Transform( 0.6654, 0, -0.746487, 0, 1, 0, 0.746487, 0, 0.6654, 21.2354, 1.73512, -11.112 )

[node name="Pickups" type="Node" parent="."]

[node name="Pickup_Health" parent="Pickups" instance=ExtResource( 6 )]
transform = Transform( 0.241871, 0, -0.970308, 0, 1, 0, 0.970308, 0, 0.241871, 0, 2.0738, 13.6896 )

[node name="Pickup_Health2" parent="Pickups" instance=ExtResource( 6 )]
transform = Transform( -0.321159, 0, -0.947025, 0, 1, 0, 0.947025, 0, -0.321159, -3.71241, 2.0738, 12.6755 )

[node name="Pickup_Health3" parent="Pickups" instance=ExtResource( 6 )]
transform = Transform( -0.82808, 0, -0.56061, 0, 1, 0, 0.56061, 0, -0.82808, -6.03126, 2.0738, 10.6098 )

[node name="Pickup_Health6" parent="Pickups" instance=ExtResource( 6 )]
transform = Transform( 0.958656, 0, 0.284568, 0, 1, 0, -0.284568, 0, 0.958656, 23.0334, 2.0738, -0.731422 )

[node name="Pickup_Health5" parent="Pickups" instance=ExtResource( 6 )]
transform = Transform( 0.960308, 0, -0.278941, 0, 1, 0, 0.278941, 0, 0.960308, 22.1845, 2.0738, 3.02222 )

[node name="Pickup_Health4" parent="Pickups" instance=ExtResource( 6 )]
transform = Transform( 0.596701, 0, -0.802464, 0, 1, 0, 0.802464, 0, 0.596701, 20.2235, 2.0738, 5.4302 )

[node name="Pickup_Ammo" parent="Pickups" instance=ExtResource( 7 )]
transform = Transform( 0.627012, 0, -0.77901, 0, 1, 0, 0.77901, 0, 0.627012, 10.3999, 1.4702, -5.37337 )

[node name="Pickup_Ammo2" parent="Pickups" instance=ExtResource( 7 )]
transform = Transform( 0.859397, 0, -0.511308, 0, 1, 0, 0.511308, 0, 0.859397, -5.4667, 1.4702, -4.32911 )

[node name="Pickup_Ammo3" parent="Pickups" instance=ExtResource( 7 )]
transform = Transform( 0.859397, 0, -0.511308, 0, 1, 0, 0.511308, 0, 0.859397, -10.776, 1.4702, 0.249496 )

[node name="Pickup_Ammo6" parent="Pickups" instance=ExtResource( 7 )]
transform = Transform( 0.191392, 0, -0.981514, 0, 1, 0, 0.981514, 0, 0.191392, 8.77692, 1.4702, -14.0444 )

[node name="Pickup_Ammo5" parent="Pickups" instance=ExtResource( 7 )]
transform = Transform( 0.521798, 0, -0.853068, 0, 1, 0, 0.853068, 0, 0.521798, -5.74585, 1.4702, -20.5197 )

[node name="Pickup_Ammo4" parent="Pickups" instance=ExtResource( 7 )]
transform = Transform( 0.521798, 0, -0.853068, 0, 1, 0, 0.853068, 0, 0.521798, -12.5776, 1.4702, -18.9452 )

[node name="Pickup_Ammo12" parent="Pickups" instance=ExtResource( 7 )]
transform = Transform( -0.848963, 0, -0.528453, 0, 1, 0, 0.528453, 0, -0.848963, -10.8668, 1.4702, 19.5253 )

[node name="Pickup_Ammo11" parent="Pickups" instance=ExtResource( 7 )]
transform = Transform( -0.611251, 0, -0.791436, 0, 1, 0, 0.791436, 0, -0.611251, -9.98929, 1.4702, 3.64856 )

[node name="Pickup_Ammo10" parent="Pickups" instance=ExtResource( 7 )]
transform = Transform( -0.611251, 0, -0.791436, 0, 1, 0, 0.791436, 0, -0.611251, -13.8939, 1.4702, -2.17432 )

[node name="Pickup_Ammo9" parent="Pickups" instance=ExtResource( 7 )]
transform = Transform( -0.997435, 0, -0.0715849, 0, 1, 0, 0.0715849, 0, -0.997435, -2.06329, 1.4702, 18.9602 )

[node name="Pickup_Ammo8" parent="Pickups" instance=ExtResource( 7 )]
transform = Transform( -0.909787, 0, -0.415073, 0, 1, 0, 0.415073, 0, -0.909787, 6.11673, 1.4702, 5.32467 )

[node name="Pickup_Ammo7" parent="Pickups" instance=ExtResource( 7 )]
transform = Transform( -0.909787, 0, -0.415073, 0, 1, 0, 0.415073, 0, -0.909787, 5.37791, 1.4702, -1.64713 )

[node name="Pickup_Ammo18" parent="Pickups" instance=ExtResource( 7 )]
transform = Transform( -0.999824, 0, -0.0187786, 0, 1, 0, 0.0187786, 0, -0.999824, -13.8464, 1.4702, -19.6381 )

[node name="Pickup_Ammo17" parent="Pickups" instance=ExtResource( 7 )]
transform = Transform( -0.930449, 0, -0.36642, 0, 1, 0, 0.36642, 0, -0.930449, -4.95733, 1.4702, -32.8223 )

[node name="Pickup_Ammo16" parent="Pickups" instance=ExtResource( 7 )]
transform = Transform( -0.930449, 0, -0.36642, 0, 1, 0, 0.36642, 0, -0.930449, -5.32665, 1.4702, -39.8235 )

[node name="Pickup_Ammo15" parent="Pickups" instance=ExtResource( 7 )]
transform = Transform( -0.893215, 0, 0.449631, 0, 1, 0, -0.449631, 0, -0.893215, -5.99694, 1.4702, -15.6122 )

[node name="Pickup_Ammo14" parent="Pickups" instance=ExtResource( 7 )]
transform = Transform( -0.993958, 0, 0.109752, 0, 1, 0, -0.109752, 0, -0.993958, 8.01463, 1.4702, -23.13 )

[node name="Pickup_Ammo13" parent="Pickups" instance=ExtResource( 7 )]
transform = Transform( -0.993958, 0, 0.109752, 0, 1, 0, -0.109752, 0, -0.993958, 10.9526, 1.4702, -29.4955 )
